
---[ Metodo da bisseccao ]------------------------------------------------
Iter (k)   a                  b                  Erro              
1          1.00000000         1.50000000         1.50000000        
2          1.25000000         1.50000000         1.25000000        
3          1.37500000         1.50000000         1.37500000        
4          1.43750000         1.50000000         1.43750000        
5          1.43750000         1.46875000         1.46875000        
6          1.43750000         1.45312500         1.45312500        
7          1.44531250         1.45312500         1.44531250        
8          1.44531250         1.44921875         1.44921875        
9          1.44726562         1.44921875         1.44726562        
10         1.44726562         1.44824219         1.44824219        
11         1.44726562         1.44775391         1.44775391        
12         1.44726562         1.44750977         1.44750977        
13         1.44738770         1.44750977         1.44738770        
14         1.44738770         1.44744873         1.44744873        
15         1.44738770         1.44741821         1.44741821        
16         1.44740295         1.44741821         1.44740295        
17         1.44741058         1.44741821         1.44741058        
=====A raiz 1.4474105834960938 foi encontrada em 17 iterações

---[ Metodo iterativo linear ou metodo do ponto fixo ]--------------------
Iter (k)   x0                 x1                 Erro              
1          1.00000000         1.17242286         0.17242286        
2          1.17242286         1.30739557         0.13497271        
3          1.30739557         1.38676560         0.07937003        
4          1.38676560         1.42360888         0.03684328        
5          1.42360888         1.43849083         0.01488195        
6          1.43849083         1.44413095         0.00564012        
7          1.44413095         1.44621468         0.00208372        
8          1.44621468         1.44697713         0.00076245        
9          1.44697713         1.44725512         0.00027800        
10         1.44725512         1.44735635         0.00010123        
11         1.44735635         1.44739319         0.00003684        
12         1.44739319         1.44740660         0.00001341        
=====A raiz 1.4474066019225786 foi encontrada em 12 iterações

---[ Metodo de Newton ]---------------------------------------------------
Iter (k)   x0                 x1                 Erro              
1          1.00000000         2.63106078         0.17242286        
2          2.63106078         0.82434037         0.87347012        
3          0.82434037         -0.87150186        0.17218976        
4          -0.87150186        2.62720157         0.17578484        
5          2.62720157         0.83644690         0.87159806        
6          0.83644690         -1.11639648        0.17334199        
7          -1.11639648        -1.70658590        0.15136813        
8          -1.70658590        -1.47100531        0.18971588        
9          -1.47100531        -1.44778654        0.01525574        
10         -1.44778654        -1.44741437        0.00023688        
=====A raiz -1.447414370126864 foi encontrada em 10 iterações

---[ Metodo da secante ]--------------------------------------------------
Iter (k)   x0                 x1                 Erro              
1          1.00000000         2.00000000         0.17242286        
2          2.00000000         1.28411111         0.43446248        
3          1.28411111         1.40754919         0.09052096        
4          1.40754919         1.45366104         0.02461864        
5          1.45366104         1.44722792         0.00399143        
=====A raiz 1.4474134472158682 foi encontrada em 5 iterações

---[ Metodo da regula-falsi ]--------------------------------------------------
Iter (k)   a                  b                  Erro              
1          1.00000000         2.00000000         0.09052096        
2          1.28411111         2.00000000         0.02461864        
3          1.40754919         2.00000000         0.00511918        
4          1.43931990         2.00000000         0.00099439        
5          1.44584935         2.00000000         0.00019048        
6          1.44711478         2.00000000         0.00003639        
7          1.44735707         2.00000000         0.00000695        
=====A raiz 1.447403349491422 foi encontrada em 7 iterações
